-0.01718213
-0.01718213
-0.01718213
-0.01718213
-0.01718213
-0.01718213
-0.01718213
-0.01718213
-0.01718213
-0.01718213
-0.01718213
-0.01718213
-0.01718213
-0.01718213
-0.01718213
-0.01718213
-0.03436426
-0.03436426
-0.03436426
-0.03436426
216.2543
-0.03436426
252.0275
-0.01718213
-0.01718213
250.7045
5.360825
-0.01718213
17.8866
254.3986
249.7423
253.2131
251.0997
57.56013
251.89
252.3711
135.945
136.3402
135.5326
16.94158
135.8935
135.8763
136.3402
135.9278
135.567
135.9622
135.9794
135.9622
135.5155
135.9794
136.0481
136.0309
135.9622
135.5498
135.9106
135.5498
135.5326
135.5498
135.8935
135.9794
135.9966
135.9966
135.9794
136.0137
135.9622
136.3402
5.017182
5.343643
135.8935
135.8935
135.4639
135.8935
135.8763
135.8763
135.8935
135.8763
135.945
135.9106
135.8935
136.3402
2.766323
2.09622
4.707904
135.4983
5.670103
135.4983
135.9794
